POINTS 6
    0   0   250
    0   100 250
    150 100 250
    300 100 250
    300 0   250
    150 0   250

PANELS 7
    2   1   0
    3   2   0
    4   3   0
    5   4   0
    6   5   0
    1   6   0
    3   6   0

CELLS 2
4   1   2   7   6
4   7   3   4   5

LOAD
    0   1200    0   0   0

SELECTED_PANELS 2
    6   7   

SELECTED_POINT
    6

q1*
-1 -1 0 0 0 -1 -1
 0  0 0 0 0  0 +1
-1 -1 0 0 0 -1  0

q2*
0 0  0  0  0 0 +1
0 0 -1 -1 -1 0 -1 
0 0 -1 -1 -1 0  0

CELL1
-1 -1 0 0 0 -1 1

CELL2
0 0 -1 -1 -1 0 -1

Mtot
-1 -1 -1 -1 -1 -1 0
